\begin{tabular}{lrrrrrrrrrrrrr}
\toprule
{} &   iov\_idx &  calibration &  inst\_lumi &  int\_inst\_lumi &        p1 &        p2 &        p3 &    E(GeV) &  delivered(/ub) &  recorded(/ub) &     avgpu &  int\_deliv\_inv\_ub &  int\_record\_inv\_ub \\
\midrule
iov\_idx           &  1.000000 &    -0.041631 &  -0.198524 &       0.989785 & -0.769313 & -0.768955 & -0.769160 & -0.145908 &        0.004809 &      -0.015216 & -0.059400 &          0.990292 &           0.990328 \\
calibration       & -0.041631 &     1.000000 &  -0.468490 &      -0.057775 &  0.083281 &  0.083240 &  0.083048 & -0.006573 &        0.034531 &       0.035039 &  0.066765 &         -0.058757 &          -0.059522 \\
inst\_lumi         & -0.198524 &    -0.468490 &   1.000000 &      -0.139037 & -0.481731 & -0.485877 & -0.487905 &  0.153424 &        0.960087 &       0.939772 &  0.728632 &         -0.139471 &          -0.138231 \\
int\_inst\_lumi     &  0.989785 &    -0.057775 &  -0.139037 &       1.000000 & -0.791811 & -0.791430 & -0.791516 & -0.152828 &        0.010922 &      -0.012631 & -0.059448 &          0.999970 &           0.999943 \\
p1                & -0.769313 &     0.083281 &  -0.481731 &      -0.791811 &  1.000000 &  0.999929 &  0.998848 &  0.065504 &       -0.426661 &      -0.401279 & -0.267339 &         -0.792521 &          -0.793700 \\
p2                & -0.768955 &     0.083240 &  -0.485877 &      -0.791430 &  0.999929 &  1.000000 &  0.998920 &  0.065310 &       -0.428466 &      -0.403113 & -0.268931 &         -0.792139 &          -0.793318 \\
p3                & -0.769160 &     0.083048 &  -0.487905 &      -0.791516 &  0.998848 &  0.998920 &  1.000000 &  0.064622 &       -0.427225 &      -0.401615 & -0.266913 &         -0.792224 &          -0.793403 \\
E(GeV)            & -0.145908 &    -0.006573 &   0.153424 &      -0.152828 &  0.065504 &  0.065310 &  0.064622 &  1.000000 &        0.081689 &       0.079030 &  0.088035 &         -0.152063 &          -0.151624 \\
delivered(/ub)    &  0.004809 &     0.034531 &   0.960087 &       0.010922 & -0.426661 & -0.428466 & -0.427225 &  0.081689 &        1.000000 &       0.975625 &  0.795971 &          0.011014 &           0.011930 \\
recorded(/ub)     & -0.015216 &     0.035039 &   0.939772 &      -0.012631 & -0.401279 & -0.403113 & -0.401615 &  0.079030 &        0.975625 &       1.000000 &  0.781588 &         -0.012394 &          -0.011451 \\
avgpu             & -0.059400 &     0.066765 &   0.728632 &      -0.059448 & -0.267339 & -0.268931 & -0.266913 &  0.088035 &        0.795971 &       0.781588 &  1.000000 &         -0.059676 &          -0.058965 \\
int\_deliv\_inv\_ub  &  0.990292 &    -0.058757 &  -0.139471 &       0.999970 & -0.792521 & -0.792139 & -0.792224 & -0.152063 &        0.011014 &      -0.012394 & -0.059676 &          1.000000 &           0.999993 \\
int\_record\_inv\_ub &  0.990328 &    -0.059522 &  -0.138231 &       0.999943 & -0.793700 & -0.793318 & -0.793403 & -0.151624 &        0.011930 &      -0.011451 & -0.058965 &          0.999993 &           1.000000 \\
\bottomrule
\end{tabular}
